    1.0000    2.9123
    1.0000    3.2740
    1.0000    1.4986
    1.0000   25.8603
         0   81.4548
    1.0000   14.1890
    1.0000    5.9370
    1.0000    5.4110
    1.0000   12.7096
    1.0000   16.2274
    1.0000    5.3781
    1.0000    6.7918
    1.0000    7.9425
    1.0000    2.3205
    1.0000    0.8082
    1.0000    1.3014
    1.0000   47.8548
         0   76.5233
    1.0000    5.4110
    1.0000    4.8849
    1.0000    9.6849
    1.0000    2.0575
    1.0000   15.4384
    1.0000   18.2986
    1.0000    4.2274
    1.0000    0.7425
    1.0000   17.3123
    1.0000    1.6301
    1.0000    1.4658
    1.0000    4.1945
    1.0000   12.1836
    1.0000    6.8575
    1.0000   14.4521
    1.0000    1.8274
    1.0000   19.7452
    1.0000   18.2986
    1.0000   18.5945
    1.0000    0.9726
    1.0000   10.7699
    1.0000    5.5425
    1.0000    4.5233
         0    7.2192
    1.0000   35.8548
         0   50.1890
    1.0000   51.0767
         0   52.6219
    1.0000   12.4466
    1.0000    9.2904
    1.0000   24.7096
         0   47.2959
    1.0000   17.0493
    1.0000   11.0329
    1.0000   28.0301
    1.0000   11.7890
    1.0000   10.1123
    1.0000    1.4329
         0   45.8164
    1.0000   14.4192
    1.0000    1.9918
         0   41.8055
    1.0000   10.4740
         0   43.8767
    1.0000    1.7288
         0   42.2986
    1.0000    7.7781
    1.0000   12.3479
    1.0000    7.8767
    1.0000   17.0822
    1.0000   22.4411
    1.0000   27.3726
    1.0000   24.3479
    1.0000   10.5068
    1.0000    9.3562
    1.0000    7.5151
    1.0000    1.0712
    1.0000   13.6301
    1.0000    5.4110
    1.0000    6.4301
    1.0000   23.3945
    1.0000   16.9507
    1.0000   10.8356
    1.0000    7.0877
         0   33.8493
    1.0000   33.2575
    1.0000   18.2658
         0   31.4493
    1.0000    1.6959
    1.0000    8.3699
    1.0000    2.8466
    1.0000    0.8411
    1.0000    4.3589
    1.0000   10.0137
    1.0000   21.1918
    1.0000    5.3452
    1.0000    8.6658
    1.0000    6.2000
    1.0000    7.6795
    1.0000   10.1781
    1.0000   12.2493
    1.0000   13.3342
    1.0000    8.2055
    1.0000    9.5534
    1.0000    3.2740
    1.0000    1.3342
         0   49.0384
    1.0000    4.5233
    1.0000   20.6329
    1.0000    1.4658
    1.0000   42.3315
    1.0000   15.7342
    1.0000    1.3014
    1.0000   20.0082
    1.0000    8.0740
         0   45.7836
    1.0000    7.7781
    1.0000    7.2521
    1.0000   11.9863
    1.0000    5.0493
    1.0000    7.2849
    1.0000    3.8986
    1.0000    9.1918
    1.0000   18.4630
    1.0000   16.8521
    1.0000   31.3178
    1.0000    7.0877
         0   41.1808
    1.0000   12.4137
    1.0000   12.6110
    1.0000    0.0521
    1.0000    8.3041
    1.0000   23.4603
    1.0000    2.8466
    1.0000    2.3863
    1.0000    5.2795
    1.0000    1.8932
    1.0000    2.6822
    1.0000    1.7945
    1.0000   21.4548
    1.0000    0.6438
    1.0000    4.1288
    1.0000   10.9014
    1.0000   21.5534
    1.0000   15.1425
         0   56.5342
    1.0000    8.5342
    1.0000   11.3616
         0   15.5370
    1.0000   42.2329
    1.0000   12.1836
         0   41.1151
    1.0000   27.6356
         0   39.4712
    1.0000    1.0712
    1.0000    7.4164
    1.0000    3.2082
    1.0000    0.0849
    1.0000   16.9178
    1.0000    2.1562
    1.0000   16.0959
    1.0000    2.2877
    1.0000    0.7096
    1.0000   23.3288
    1.0000    1.3014
    1.0000   14.2548
    1.0000    3.9973
         0   21.0932
    1.0000    4.5890
    1.0000    0.3808
    1.0000    6.0685
    1.0000    0.4137
    1.0000    1.7945
         0   37.8932
    1.0000    2.6822
         0   35.8219
    1.0000    4.4247
         0   23.8219
    1.0000    3.6027
         0   31.2192